BVDetector: &id001
  Accuracy: 0.9479895979195839
  F1: 0.9481865284974093
  FalseNegativeRate: 0.03956398869600323
  FalsePositiveRate: 0.06423473433782712
  Precision: 0.9362455726092089
  Recall: 0.9604360113039968
  TotalExamples: 4999
  TotalNegatives: 2522
  TotalPositives: 2477
  TrueNegativeRate: 0.9357652656621729
  TruePositiveRate: 0.9604360113039968
Overall: *id001
PerCWE: *id001
PerFlowVariant: *id001
