BVDetector: &id001
  Accuracy: 0.951
  F1: 0.9515331355093967
  FalseNegativeRate: 0.03915301638034359
  FalsePositiveRate: 0.05887064477372848
  Precision: 0.942398119122257
  Recall: 0.9608469836196564
  TotalExamples: 10000
  TotalNegatives: 4994
  TotalPositives: 5006
  TrueNegativeRate: 0.9411293552262715
  TruePositiveRate: 0.9608469836196564
Overall: *id001
PerCWE: *id001
PerFlowVariant: *id001
