BVDetector: &id001
  Accuracy: 0.9795720122282221
  F1: 0.9792963660055016
  FalseNegativeRate: 0.020731989807736856
  FalsePositiveRate: 0.02013195736761969
  Precision: 0.979324723460937
  Recall: 0.9792680101922632
  TotalExamples: 35001
  TotalNegatives: 17733
  TotalPositives: 17268
  TrueNegativeRate: 0.9798680426323803
  TruePositiveRate: 0.9792680101922632
Overall: *id001
PerCWE: *id001
PerFlowVariant: *id001
